           1         614
           2         614
           3         550
           4         624
           5         612
           6         606
           7         608
           8         596
           9         590
          10         586
          11         538
          12         578
          13         554
          14         588
          15         602
          16         644
          17         612
          18         568
          19         596
          20         648
          21         558
          22         606
          23         562
          24         650
          25         602
          26         614
          27         640
          28         602
          29         634
          30         634
          31         604
          32         610
          33         566
          34         612
          35         586
          36         592
          37         598
          38         604
          39         570
          40         606
          41         586
          42         592
          43         606
          44         578
          45         560
          46         684
          47         618
          48         618
          49         664
          50         602
          51         576
          52         560
          53         612
          54         576
          55         676
          56         650
          57         604
          58         600
          59         602
          60         578
          61         608
          62         560
          63         596
          64         594
          65         580
          66         592
          67         562
          68         646
          69         594
          70         638
          71         612
          72         612
          73         572
          74         622
          75         588
          76         628
          77         574
          78         568
          79         608
          80         602
          81         598
          82         552
          83         596
          84         602
          85         638
          86         594
          87         586
          88         600
          89         614
          90         626
          91         614
          92         590
          93         568
          94         594
          95         576
          96         538
          97         618
          98         604
          99         544
         100         546
         101         598
         102         612
         103         608
         104         590
         105         614
         106         632
         107         588
         108         554
         109         600
         110         610
         111         610
         112         614
         113         634
         114         648
         115         610
         116         564
         117         596
         118         582
         119         626
         120         626
         121         594
         122         624
         123         568
         124         576
         125         610
         126         594
         127         592
         128         612
         129         598
         130         610
         131         616
         132         610
         133         628
         134         570
         135         634
         136         604
         137         570
         138         576
         139         600
         140         586
         141         618
         142         612
         143         538
         144         618
         145         556
         146         620
         147         612
         148         606
         149         622
         150         608
         151         588
         152         590
         153         600
         154         554
         155         540
         156         652
         157         576
         158         596
         159         610
         160         616
         161         602
         162         574
         163         630
         164         556
         165         590
         166         628
         167         610
         168         604
         169         616
         170         586
         171         628
         172         566
         173         598
         174         570
         175         590
         176         578
         177         596
         178         588
         179         614
         180         584
         181         602
         182         614
         183         576
         184         614
         185         630
         186         576
         187         614
         188         588
         189         614
         190         584
         191         594
         192         596
         193         612
         194         576
         195         608
         196         574
         197         626
         198         580
         199         618
         200         634
         201         556
         202         576
         203         600
         204         636
         205         606
         206         612
         207         608
         208         652
         209         622
         210         640
         211         616
         212         618
         213         582
         214         610
         215         572
         216         574
         217         588
         218         624
         219         594
         220         606
         221         584
         222         636
         223         568
         224         600
         225         614
         226         566
         227         606
         228         588
         229         608
         230         582
         231         588
         232         608
         233         574
         234         634
         235         602
         236         672
         237         606
         238         624
         239         614
         240         590
         241         638
         242         576
         243         606
         244         650
         245         608
         246         614
         247         572
         248         600
         249         586
         250         622
         251         604
         252         642
         253         618
         254         606
         255         586
         256         644
         257         636
         258         640
         259         592
         260         620
         261         628
         262         658
         263         620
         264         586
         265         572
         266         592
         267         564
         268         626
         269         630
         270         642
         271         598
         272         584
         273         614
         274         574
         275         624
         276         578
         277         604
         278         622
         279         614
         280         618
         281         568
         282         626
         283         616
         284         602
         285         564
         286         582
         287         642
         288         578
         289         560
         290         562
         291         546
         292         630
         293         584
         294         624
         295         616
         296         658
         297         586
         298         634
         299         584
         300         594
         301         574
         302         590
         303         594
         304         600
         305         580
         306         584
         307         598
         308         596
         309         550
         310         604
         311         610
         312         612
         313         584
         314         594
         315         582
         316         572
         317         594
         318         598
         319         616
         320         574
         321         580
         322         614
         323         564
         324         608
         325         626
         326         632
         327         602
         328         614
         329         594
         330         616
         331         544
         332         576
         333         628
         334         560
         335         598
         336         596
         337         564
         338         562
         339         598
         340         562
         341         602
         342         592
         343         588
         344         562
         345         564
         346         624
         347         606
         348         574
         349         558
         350         610
         351         608
         352         584
         353         578
         354         588
         355         588
         356         568
         357         590
         358         616
         359         582
         360         580
         361         608
         362         572
         363         574
         364         602
         365         618
         366         594
         367         584
         368         584
         369         610
         370         618
         371         570
         372         572
         373         558
         374         620
         375         572
         376         590
         377         574
         378         596
         379         610
         380         624
         381         592
         382         616
         383         584
         384         564
         385         582
         386         582
         387         590
         388         570
         389         606
         390         592
         391         580
         392         618
         393         600
         394         608
         395         610
         396         572
         397         592
         398         614
         399         600
         400         598
         401         584
         402         588
         403         566
         404         584
         405         572
         406         650
         407         578
         408         604
         409         600
         410         606
         411         602
         412         658
         413         636
         414         652
         415         594
         416         580
         417         616
         418         600
         419         606
         420         602
         421         636
         422         602
         423         602
         424         602
         425         574
         426         630
         427         616
         428         636
         429         556
         430         576
         431         618
         432         636
         433         572
         434         602
         435         602
         436         634
         437         624
         438         560
         439         600
         440         622
         441         608
         442         580
         443         598
         444         580
         445         554
         446         618
         447         606
         448         620
         449         600
         450         590
         451         588
         452         618
         453         598
         454         590
         455         584
         456         546
         457         630
         458         596
         459         634
         460         612
         461         572
         462         562
         463         600
         464         554
         465         632
         466         588
         467         578
         468         554
         469         648
         470         606
         471         572
         472         574
         473         604
         474         534
         475         586
         476         604
         477         638
         478         588
         479         614
         480         608
         481         628
         482         568
         483         600
         484         594
         485         614
         486         576
         487         602
         488         572
         489         576
         490         578
         491         610
         492         622
         493         602
         494         618
         495         582
         496         590
         497         638
         498         614
         499         576
         500         622
         501         556
         502         568
         503         580
         504         554
         505         582
         506         618
         507         638
         508         584
         509         602
         510         574
         511         592
         512         526
         513         596
         514         562
         515         650
         516         610
         517         596
         518         574
         519         562
         520         576
         521         592
         522         642
         523         582
         524         630
         525         620
         526         600
         527         640
         528         616
         529         636
         530         622
         531         580
         532         596
         533         598
         534         576
         535         586
         536         636
         537         574
         538         616
         539         602
         540         592
         541         604
         542         608
         543         606
         544         600
         545         616
         546         592
         547         632
         548         612
         549         600
         550         606
         551         624
         552         574
         553         582
         554         636
         555         602
         556         596
         557         656
         558         552
         559         650
         560         620
         561         614
         562         620
         563         618
         564         632
         565         652
         566         624
         567         596
         568         626
         569         610
         570         608
         571         614
         572         618
         573         590
         574         638
         575         618
         576         598
         577         590
         578         612
         579         624
         580         620
         581         572
         582         604
         583         622
         584         576
         585         578
         586         600
         587         642
         588         618
         589         574
         590         594
         591         568
         592         524
         593         598
         594         578
         595         594
         596         620
         597         632
         598         608
         599         578
         600         556
         601         614
         602         568
         603         584
         604         572
         605         664
         606         608
         607         544
         608         612
         609         600
         610         582
         611         626
         612         608
         613         590
         614         550
         615         644
         616         626
         617         576
         618         640
         619         622
         620         600
         621         604
         622         610
         623         574
         624         576
         625         602
         626         580
         627         598
         628         580
         629         558
         630         590
         631         572
         632         574
         633         600
         634         594
         635         600
         636         630
         637         600
         638         634
         639         572
         640         588
         641         610
         642         640
         643         576
         644         656
         645         630
         646         580
         647         636
         648         636
         649         656
         650         584
         651         596
         652         624
         653         608
         654         578
         655         614
         656         600
         657         636
         658         594
         659         578
         660         624
         661         626
         662         594
         663         630
         664         620
         665         582
         666         606
         667         560
         668         616
         669         584
         670         618
         671         594
         672         628
         673         570
         674         608
         675         612
         676         596
         677         576
         678         610
         679         592
         680         614
         681         576
         682         568
         683         592
         684         524
         685         602
         686         592
         687         638
         688         618
         689         610
         690         636
         691         574
         692         570
         693         626
         694         580
         695         592
         696         614
         697         622
         698         622
         699         566
         700         598
         701         596
         702         620
         703         600
         704         550
         705         626
         706         620
         707         622
         708         602
         709         602
         710         588
         711         610
         712         562
         713         680
         714         624
         715         600
         716         570
         717         616
         718         628
         719         588
         720         562
         721         576
         722         576
         723         630
         724         606
         725         632
         726         600
         727         600
         728         610
         729         604
         730         586
         731         602
         732         548
         733         540
         734         590
         735         602
         736         580
         737         616
         738         630
         739         592
         740         660
         741         598
         742         572
         743         604
         744         576
         745         602
         746         590
         747         626
         748         582
         749         634
         750         624
         751         622
         752         598
         753         640
         754         632
         755         624
         756         614
         757         622
         758         604
         759         564
         760         624
         761         602
         762         604
         763         606
         764         580
         765         650
         766         632
         767         628
         768         624
         769         588
         770         616
         771         656
         772         582
         773         528
         774         604
         775         586
         776         576
         777         594
         778         624
         779         584
         780         624
         781         560
         782         558
         783         568
         784         650
         785         590
         786         560
         787         594
         788         612
         789         630
         790         604
         791         586
         792         584
         793         576
         794         608
         795         592
         796         600
         797         588
         798         632
         799         584
         800         576
         801         564
         802         610
         803         594
         804         626
         805         600
         806         578
         807         592
         808         564
         809         614
         810         562
         811         638
         812         610
         813         642
         814         586
         815         636
         816         646
         817         688
         818         620
         819         590
         820         584
         821         584
         822         558
         823         620
         824         582
         825         628
         826         588
         827         602
         828         606
         829         540
         830         556
         831         608
         832         604
         833         624
         834         598
         835         580
         836         618
         837         576
         838         616
         839         622
         840         644
         841         600
         842         632
         843         580
         844         628
         845         606
         846         570
         847         602
         848         600
         849         596
         850         578
         851         578
         852         548
         853         582
         854         612
         855         598
         856         598
         857         622
         858         548
         859         584
         860         574
         861         580
         862         592
         863         638
         864         574
         865         594
         866         620
         867         582
         868         622
         869         634
         870         624
         871         606
         872         622
         873         598
         874         574
         875         616
         876         594
         877         582
         878         598
         879         588
         880         612
         881         562
         882         604
         883         554
         884         546
         885         636
         886         636
         887         590
         888         632
         889         616
         890         636
         891         630
         892         604
         893         616
         894         638
         895         594
         896         578
         897         650
         898         572
         899         582
         900         586
         901         612
         902         594
         903         588
         904         620
         905         608
         906         606
         907         594
         908         608
         909         598
         910         668
         911         596
         912         562
         913         598
         914         564
         915         634
         916         604
         917         600
         918         610
         919         634
         920         626
         921         594
         922         596
         923         592
         924         574
         925         644
         926         632
         927         646
         928         580
         929         606
         930         626
         931         582
         932         560
         933         592
         934         624
         935         616
         936         618
         937         568
         938         618
         939         582
         940         606
         941         618
         942         598
         943         592
         944         604
         945         570
         946         564
         947         606
         948         574
         949         616
         950         616
         951         580
         952         622
         953         592
         954         624
         955         604
         956         594
         957         622
         958         608
         959         568
         960         628
         961         628
         962         586
         963         614
         964         642
         965         636
         966         544
         967         596
         968         614
         969         598
         970         564
         971         604
         972         600
         973         610
         974         574
         975         614
         976         580
         977         610
         978         604
         979         620
         980         578
         981         636
         982         632
         983         622
         984         610
         985         666
         986         610
         987         630
         988         516
         989         624
         990         622
         991         560
         992         600
         993         596
         994         574
         995         638
         996         576
         997         552
         998         604
         999         618
        1000         628
